Juoksuja ennusteessa: 5736, tuloksissa: 5892, analyysissä: 5556
Aiempien Jukoloiden määrä (keskiarvo): 6.2 (Mediaani): 4.0
Yksilöennusteen etumerkillinen keskivirhe (juoksija myöhästyi ennusteesta): 16.3 minuuttia
Yksilöennusteen keskivirhe: 18.0 minuuttia
Yksilöennusteen mediaanivirhe: 14.1 minuuttia
Yksilöennusteen keskimääräinen CRPS (otosarvio): 13.077
Yksilöennusteen keskimääräinen NLL: 4.71
Virheen suhde loppuaikaan: 16.8 %
Yksilön aikaväliennuste väärin: 15.0 %
Yksilö nopeampi kuin aikaväliennuste: 0.1 %
Yksilö hitaampi kuin aikaväliennuste: 14.9 %
Yksilön aikavälin keskikoko: 55.1 minuuttia
Yksilön aikavälin keskikoko kertaa virhe: 8.3 minuuttia
Yksilön aikavälin mediaani koko: 50.7 minuuttia
Yksilön aikavälin mediaani koko kertaa virhe: 7.6 minuuttia
          ind_interval  ind_interval_error  ind_crps  ind_nll  ind_interval_error_size
num_runs                                                                              
0                73.28                0.08     13.77     4.61                     6.18
1                59.36                0.13     13.68     4.71                     7.64
2                53.59                0.14     12.96     4.69                     7.63
3                53.40                0.12     11.61     4.51                     6.65
4                51.61                0.14     12.03     4.60                     7.45
5                53.08                0.19     13.71     4.84                    10.34
6                50.43                0.19     14.49     4.90                     9.71
7                47.98                0.20     14.63     5.02                     9.68
8                48.16                0.22     13.65     4.97                    10.83
9                48.79                0.23     14.24     4.90                    11.40
10               47.97                0.24     13.33     4.88                    11.59
11               46.47                0.17     11.88     4.67                     7.94
12               48.25                0.21     13.17     4.81                    10.14
13               47.02                0.19     14.12     4.93                     8.82
14               46.10                0.17     12.79     4.76                     7.68
15               46.15                0.15     12.03     4.71                     6.87
16               46.22                0.14     11.66     4.64                     6.37
17               45.52                0.11     11.35     4.53                     5.06
18               49.00                0.17     10.69     4.50                     8.45
19               45.27                0.17     11.36     4.55                     7.90
20               42.58                0.16     11.70     4.66                     6.99
21               44.25                0.16     10.93     4.63                     7.18
22               43.52                0.24     13.28     4.98                    10.48
23               46.56                0.14     10.52     4.52                     6.65
24               45.48                0.05     11.12     4.54                     2.39
25               44.93                0.10     10.56     4.50                     4.35
26               46.55                0.15     11.53     4.57                     6.98
27               40.52                0.18      7.62     4.13                     7.37
29               44.20                0.00      2.90     3.31                     0.00
31               51.08                0.50     23.62     6.37                    25.54
32               36.63                0.00      8.92     4.37                     0.00
         ind_interval        ind_error        ind_interval_error       ind_error_signed       
                 mean median      mean median               mean count             mean median
num_runs                                                                                      
0               73.28  68.70     18.76  12.51               0.08  1019            13.75   9.37
1               59.36  54.70     18.83  14.33               0.13   653            16.35  13.64
2               53.59  50.68     17.72  13.68               0.14   506            16.33  13.32
3               53.40  49.17     16.07  13.13               0.12   442            14.74  12.61
4               51.61  48.40     16.80  13.80               0.14   360            16.04  13.63
5               53.08  49.64     18.81  14.16               0.19   313            17.18  13.65
6               50.43  46.45     19.81  15.61               0.19   265            19.27  15.15
7               47.98  45.50     19.42  15.01               0.20   238            18.94  14.97
8               48.16  45.26     18.69  17.59               0.22   209            18.36  17.52
9               48.79  45.45     19.63  15.71               0.23   167            19.47  15.71
10              47.97  44.05     18.36  15.32               0.24   149            18.22  15.32
11              46.47  43.35     16.71  14.86               0.17   158            16.59  14.86
12              48.25  47.08     18.15  15.29               0.21   119            17.87  15.29
13              47.02  42.75     19.65  17.33               0.19   112            19.64  17.33
14              46.10  42.00     17.91  15.17               0.17   114            17.81  15.17
15              46.15  41.30     16.91  14.08               0.15    94            16.82  14.08
16              46.22  43.42     16.81  15.50               0.14    87            16.79  15.50
17              45.52  37.15     15.98  14.57               0.11    81            15.38  14.57
18              49.00  48.27     15.51  12.82               0.17    58            14.75  12.82
19              45.27  40.81     15.90  13.52               0.17    63            15.71  13.52
20              42.58  40.22     16.32  14.38               0.16    67            16.32  14.38
21              44.25  38.92     15.33  12.85               0.16    74            14.48  12.85
22              43.52  39.67     17.70  14.20               0.24    54            17.62  14.20
23              46.56  43.58     15.45  13.68               0.14    49            15.20  13.68
24              45.48  43.92     15.82  11.22               0.05    38            15.53  11.22
25              44.93  39.14     14.95  13.71               0.10    31            14.44  13.71
26              46.55  36.39     17.24  14.65               0.15    20            17.24  14.65
27              40.52  37.15     11.08  10.13               0.18    11             9.57  10.13
29              44.20  44.20      2.22   2.22               0.00     1            -2.22  -2.22
31              51.08  51.08     29.84  29.84               0.50     2            29.84  29.84
32              36.63  36.63     12.73  12.73               0.00     2            12.73  12.73
Viestiennusteen keskivirhe: 41.9 minuuttia
Viestiennusteen virheen mediaani: 31.6 minuuttia
Viestiennusteen keskimääräinen CRPS (otosarvio): 32.059
Viestiennusteen keskimääräinen NLL: 5.987
    relay_error             
           mean median count
leg                         
1          17.7   14.0  1419
2          36.2   29.9  1392
3          52.6   45.9  1380
4          62.0   55.4  1365
Viestin aikaväliennuste väärin: 33.9 %
Juoksija nopeampi kuin viestin aikaväliennuste: 0.1 %
Juoksija hitaampi kuin viestin aikaväliennuste: 33.8 %
    real_interval real_interval_error real_interval_error_fast real_interval_error_slow
             mean                mean                     mean                     mean
leg                                                                                    
1          42.581               0.209                    0.000                    0.209
2          84.008               0.251                    0.000                    0.251
3          94.156               0.457                    0.001                    0.456
4         114.132               0.442                    0.001                    0.441
              real_interval real_interval_error real_interval_error_fast real_interval_error_slow
                       mean                mean                     mean                     mean
mean_num_runs                                                                                    
0.0                   99.54                0.17                      0.0                     0.17
1.0                   89.83                0.22                      0.0                     0.22
2.0                   89.23                0.26                      0.0                     0.26
3.0                   83.52                0.28                      0.0                     0.28
4.0                   85.08                0.32                      0.0                     0.32
5.0                   84.13                0.43                      0.0                     0.43
6.0                   85.05                0.34                      0.0                     0.34
7.0                   84.38                0.42                      0.0                     0.42
8.0                   79.61                0.43                      0.0                     0.43
9.0                   78.30                0.56                      0.0                     0.56
10.0                  80.87                0.43                      0.0                     0.43
11.0                  69.49                0.47                      0.0                     0.47
12.0                  75.79                0.53                      0.0                     0.53
13.0                  70.21                0.42                      0.0                     0.42
14.0                  70.75                0.44                      0.0                     0.44
15.0                  69.22                0.43                      0.0                     0.43
16.0                  69.79                0.40                      0.0                     0.40
17.0                  58.19                0.37                      0.0                     0.37
18.0                  72.02                0.47                      0.0                     0.47
19.0                  58.59                0.36                      0.0                     0.36
20.0                  58.41                0.39                      0.0                     0.39
21.0                  47.98                0.16                      0.0                     0.16
22.0                  46.71                0.38                      0.0                     0.38
23.0                  49.73                0.25                      0.0                     0.25
24.0                  56.97                0.29                      0.0                     0.29
25.0                  52.72                0.11                      0.0                     0.11
26.0                  34.59                0.67                      0.0                     0.67
27.0                  30.52                0.00                      0.0                     0.00
32.0                  36.63                0.00                      0.0                     0.00
