Juoksuja ennusteessa: 6762, tuloksissa: 8694, analyysissä: 5782
Aiempien Jukoloiden määrä (keskiarvo): 7.5 (Mediaani): 5.0
Yksilöennusteen etumerkillinen keskivirhe (juoksija myöhästyi ennusteesta): 17.0 minuuttia
Yksilöennusteen keskivirhe: 20.0 minuuttia
Yksilöennusteen mediaanivirhe: 12.5 minuuttia
Yksilöennusteen keskimääräinen CRPS (otosarvio): 14.906
Yksilöennusteen keskimääräinen NLL: 4.697
Virheen suhde loppuaikaan: 13.9 %
Yksilön aikaväliennuste väärin: 12.4 %
Yksilö nopeampi kuin aikaväliennuste: 0.2 %
Yksilö hitaampi kuin aikaväliennuste: 12.2 %
Yksilön aikavälin keskikoko: 65.1 minuuttia
Yksilön aikavälin keskikoko kertaa virhe: 8.1 minuuttia
Yksilön aikavälin mediaani koko: 61.3 minuuttia
Yksilön aikavälin mediaani koko kertaa virhe: 7.6 minuuttia
          ind_interval  ind_interval_error  ind_crps  ind_nll  ind_interval_error_size
num_runs                                                                              
0                82.82                0.12     18.40     4.97                     9.96
1                66.00                0.13     16.28     4.84                     8.55
2                65.95                0.13     15.25     4.71                     8.60
3                66.44                0.14     15.41     4.73                     9.52
4                60.73                0.14     14.31     4.63                     8.25
5                60.38                0.09     13.51     4.50                     5.72
6                61.56                0.12     14.23     4.65                     7.14
7                57.20                0.15     14.34     4.73                     8.78
8                60.75                0.12     14.38     4.58                     7.39
9                57.36                0.10     12.66     4.53                     5.99
10               58.36                0.12     13.98     4.63                     7.25
11               57.43                0.16     14.86     4.87                     9.20
12               55.63                0.11     12.36     4.42                     6.00
13               58.53                0.10     13.02     4.45                     5.76
14               58.87                0.15     14.40     4.63                     8.54
15               60.00                0.12     13.41     4.60                     6.92
16               58.60                0.11     12.56     4.48                     6.17
17               61.01                0.15     14.84     4.87                     9.12
18               58.09                0.17     13.98     4.71                     9.76
19               56.70                0.11     12.27     4.48                     6.21
20               56.19                0.12     11.19     4.35                     6.63
21               58.49                0.09     12.22     4.48                     5.45
22               57.79                0.07     10.45     4.30                     4.10
23               59.14                0.16     14.63     4.76                     9.56
24               56.50                0.00      7.80     3.98                     0.00
25               57.09                0.50     30.91     6.51                    28.55
26               50.43                0.00     10.64     4.48                     0.00
27               82.42                0.00     30.89     5.95                     0.00
29               90.02                0.50     32.34     6.79                    45.01
30               55.77                0.00      7.14     4.01                     0.00
32               68.43                0.00     23.79     5.64                     0.00
34               55.13                0.00     13.01     4.64                     0.00
36               46.74                0.00      2.86     3.37                     0.00
37               57.53                0.33     15.06     4.91                    19.18
         ind_interval        ind_error        ind_interval_error       ind_error_signed       
                 mean median      mean median               mean count             mean median
num_runs                                                                                      
0               82.82  81.26     24.31  15.03               0.12  1123            18.73  11.03
1               66.00  61.89     21.84  13.03               0.13   471            18.00  11.73
2               65.95  62.00     20.29  12.68               0.13   422            16.36   9.88
3               66.44  64.59     20.86  13.64               0.14   356            17.94  11.51
4               60.73  59.40     19.17  11.69               0.14   309            17.00  10.84
5               60.38  58.31     18.19  10.98               0.09   264            15.38   9.16
6               61.56  58.69     19.50  12.95               0.12   250            16.77  12.23
7               57.20  54.77     19.06  11.35               0.15   254            17.17  10.75
8               60.75  58.76     19.47  10.93               0.12   222            18.03  10.63
9               57.36  54.93     17.37  10.33               0.10   182            15.09   9.82
10              58.36  55.74     18.76  11.94               0.12   177            16.68  11.15
11              57.43  55.30     19.97  14.01               0.16   156            19.46  13.48
12              55.63  54.29     16.92  11.86               0.11   139            15.55  11.68
13              58.53  56.10     17.50  10.51               0.10   132            15.48   9.83
14              58.87  58.89     19.43  11.91               0.15   131            17.51  10.99
15              60.00  58.83     18.47  13.11               0.12   130            16.57  12.61
16              58.60  57.41     17.55  12.59               0.11   114            15.71  11.11
17              61.01  59.50     19.63  12.27               0.15   107            16.25  11.92
18              58.09  53.38     18.53  12.18               0.17   119            16.15  11.49
19              56.70  54.26     16.64  11.00               0.11   137            15.72  11.00
20              56.19  54.54     15.36   9.86               0.12   144            13.77   9.20
21              58.49  56.48     16.78  11.93               0.09   161            15.36  11.05
22              57.79  54.90     14.86  11.31               0.07   155            13.13  10.04
23              59.14  56.88     19.65  12.24               0.16    99            18.44  11.96
24              56.50  53.78     10.89   7.18               0.00    14             6.92   4.72
25              57.09  57.09     39.53  39.53               0.50     2            39.53  39.53
26              50.43  50.43     17.97  17.97               0.00     1            17.97  17.97
27              82.42  82.42     43.43  43.43               0.00     1            43.43  43.43
29              90.02  90.02     38.34  38.34               0.50     2            32.32  32.32
30              55.77  55.77     12.25  12.25               0.00     2            12.25  12.25
32              68.43  68.43     34.73  34.73               0.00     1            34.73  34.73
34              55.13  55.13     20.79  20.79               0.00     1            20.79  20.79
36              46.74  46.74      0.26   0.26               0.00     1            -0.26  -0.26
37              57.53  52.81     21.75  24.92               0.33     3            21.75  24.92
Viestiennusteen keskivirhe: 60.9 minuuttia
Viestiennusteen virheen mediaani: 45.5 minuuttia
Viestiennusteen keskimääräinen CRPS (otosarvio): 47.157
Viestiennusteen keskimääräinen NLL: 6.279
    relay_error             
           mean median count
leg                         
1          10.8    6.6   901
2          25.6   16.4   875
3          60.7   51.9   842
4          70.3   60.0   829
5          77.2   65.1   804
6          86.6   75.5   781
7         107.6   94.7   750
Viestin aikaväliennuste väärin: 31.1 %
Juoksija nopeampi kuin viestin aikaväliennuste: 0.1 %
Juoksija hitaampi kuin viestin aikaväliennuste: 31.0 %
    real_interval real_interval_error real_interval_error_fast real_interval_error_slow
             mean                mean                     mean                     mean
leg                                                                                    
1          63.729               0.020                    0.002                    0.018
2          93.837               0.095                    0.000                    0.095
3         122.202               0.343                    0.000                    0.343
4         133.928               0.388                    0.001                    0.387
5         147.965               0.407                    0.001                    0.405
6         159.500               0.449                    0.001                    0.448
7         175.126               0.541                    0.001                    0.540
              real_interval real_interval_error real_interval_error_fast real_interval_error_slow
                       mean                mean                     mean                     mean
mean_num_runs                                                                                    
0.0                  151.63                0.19                     0.00                     0.19
1.0                  154.54                0.31                     0.02                     0.30
2.0                  139.24                0.28                     0.00                     0.28
3.0                  144.28                0.25                     0.00                     0.25
4.0                  125.28                0.27                     0.00                     0.27
5.0                  125.12                0.33                     0.00                     0.33
6.0                  123.17                0.29                     0.00                     0.29
7.0                  125.99                0.35                     0.00                     0.35
8.0                  121.99                0.34                     0.00                     0.34
9.0                  127.77                0.35                     0.00                     0.35
10.0                 120.91                0.31                     0.00                     0.31
11.0                 124.41                0.41                     0.00                     0.41
12.0                 116.96                0.35                     0.00                     0.35
13.0                 119.64                0.40                     0.00                     0.40
14.0                 113.81                0.40                     0.00                     0.40
15.0                 118.09                0.35                     0.00                     0.35
16.0                 114.29                0.37                     0.00                     0.37
17.0                 112.10                0.34                     0.00                     0.34
18.0                 102.16                0.31                     0.00                     0.31
19.0                  94.11                0.27                     0.00                     0.27
20.0                  96.18                0.16                     0.00                     0.16
21.0                  85.23                0.11                     0.00                     0.11
22.0                  77.94                0.13                     0.00                     0.13
23.0                  73.83                0.28                     0.00                     0.28
24.0                  87.30                0.00                     0.00                     0.00
25.0                 106.56                0.00                     0.00                     0.00
26.0                  50.43                0.00                     0.00                     0.00
28.0                  81.49                0.00                     0.00                     0.00
29.0                 108.19                0.00                     0.00                     0.00
30.0                  75.43                0.00                     0.00                     0.00
34.0                  55.13                0.00                     0.00                     0.00
37.0                  52.81                0.00                     0.00                     0.00
