Juoksuja ennusteessa: 11704, tuloksissa: 11879, analyysissä: 10803
Aiempien Jukoloiden määrä (keskiarvo): 6.61 (Mediaani): 4.0
Yksilöennusteen etumerkillinen keskivirhe (juoksija myöhästyi ennusteesta): 15.4 minuuttia
Yksilöennusteen keskivirhe: 18.7 minuuttia
Yksilöennusteen mediaanivirhe: 12.4 minuuttia
Virheen suhde loppuaikaan: 12.3 %
Yksilön aikaväliennuste väärin: 15.2 %
Yksilö nopeampi kuin aikaväliennuste: 0.3 %
Yksilö hitaampi kuin aikaväliennuste: 14.9 %
Yksilön aikavälin keskikoko: 66.6 minuuttia
Yksilön aikavälin keskikoko kertaa virhe: 10.1 minuuttia
Yksilön aikavälin mediaani koko: 52.2 minuuttia
Yksilön aikavälin mediaani koko kertaa virhe: 7.9 minuuttia
          ind_interval  ind_interval_error  ind_interval_error_size
num_runs                                                           
0               103.63                0.09                     8.81
1                77.57                0.09                     6.62
2                69.46                0.11                     7.85
3                62.37                0.13                     8.40
4                62.93                0.14                     8.89
5                58.87                0.14                     8.33
6                53.90                0.17                     9.25
7                51.97                0.17                     9.07
8                52.70                0.17                     8.94
9                52.19                0.16                     8.09
10               51.15                0.18                     9.44
11               47.83                0.17                     8.36
12               42.61                0.22                     9.17
13               46.01                0.27                    12.59
14               44.58                0.22                     9.95
15               48.73                0.27                    13.12
16               45.10                0.18                     8.10
17               44.82                0.27                    12.27
18               43.14                0.29                    12.63
19               43.29                0.25                    10.82
20               43.84                0.23                     9.88
21               43.69                0.27                    11.63
22               45.69                0.25                    11.58
23               42.20                0.24                     9.97
24               38.91                0.35                    13.62
25               43.04                0.23                     9.97
26               31.20                0.50                    15.60
27               36.81                1.00                    36.81
28               27.99                0.33                     9.33
         ind_interval        ind_error        ind_interval_error       ind_error_signed       
                 mean median      mean median               mean count             mean median
num_runs                                                                                      
0              103.63  98.38     24.87  15.57               0.09  2105            18.33  11.16
1               77.57  65.80     19.16  11.88               0.09  1360            14.81   9.22
2               69.46  59.04     19.22  12.31               0.11   902            16.61  11.30
3               62.37  50.01     18.20  12.43               0.13   705            15.13  10.82
4               62.93  50.31     17.20  12.04               0.14   616            14.22  10.93
5               58.87  48.89     16.74  11.80               0.14   509            13.33   8.87
6               53.90  45.31     16.66  11.48               0.17   478            13.80  10.18
7               51.97  43.35     15.45  10.94               0.17   401            12.97   9.60
8               52.70  43.91     16.50  11.78               0.17   395            14.65  11.25
9               52.19  41.78     16.33  10.65               0.16   329            14.36   9.52
10              51.15  40.58     16.01  11.03               0.18   298            14.49  10.33
11              47.83  41.20     15.55  11.24               0.17   269            13.20  10.46
12              42.61  36.86     14.29  11.08               0.22   223            12.72  10.83
13              46.01  37.31     15.99  11.30               0.27   223            15.00  10.94
14              44.58  36.07     16.43  10.98               0.22   215            13.88  10.50
15              48.73  38.50     18.57  13.14               0.27   208            17.12  12.95
16              45.10  38.23     15.18  11.22               0.18   167            13.25  10.69
17              44.82  36.00     16.86  12.85               0.27   179            15.48  12.20
18              43.14  34.01     17.71  12.06               0.29   164            16.52  11.55
19              43.29  34.96     16.46  12.21               0.25   140            15.78  11.85
20              43.84  34.10     15.65  10.93               0.23   173            14.33  10.51
21              43.69  35.03     16.76  11.11               0.27   184            15.63  10.80
22              45.69  35.01     15.64  12.09               0.25   146            15.07  12.09
23              42.20  33.44     16.13  12.10               0.24   182            14.61  11.60
24              38.91  31.42     16.78  14.14               0.35   140            15.85  13.89
25              43.04  31.70     15.60  10.47               0.23    82            15.23  10.47
26              31.20  28.32     12.79  12.29               0.50     6            11.15  12.29
27              36.81  36.81     21.07  21.07               1.00     1            21.07  21.07
28              27.99  25.57     13.97  17.40               0.33     3            13.97  17.40
Viestiennusteen keskivirhe: 62.4 minuuttia
Viestiennusteen virheen mediaani: 44.6 minuuttia
    relay_error             
           mean median count
leg                         
1          19.4   13.9  1649
2          37.3   29.3  1615
3          55.0   42.4  1578
4          69.6   55.2  1558
5          81.5   67.0  1520
6          87.0   70.8  1473
7          95.5   76.9  1410
Viestin aikaväliennuste väärin: 39.0 %
Juoksija nopeampi kuin viestin aikaväliennuste: 0.2 %
Juoksija hitaampi kuin viestin aikaväliennuste: 38.9 %
    real_interval real_interval_error real_interval_error_fast real_interval_error_slow
             mean                mean                     mean                     mean
leg                                                                                    
1          57.246               0.246                    0.001                    0.244
2          90.295               0.336                    0.001                    0.334
3         118.540               0.387                    0.001                    0.385
4         136.028               0.420                    0.001                    0.419
5         155.321               0.457                    0.002                    0.455
6         167.253               0.455                    0.002                    0.453
7         184.613               0.455                    0.004                    0.452
              real_interval real_interval_error real_interval_error_fast real_interval_error_slow
                       mean                mean                     mean                     mean
mean_num_runs                                                                                    
0.0                  174.36                0.19                     0.00                     0.19
1.0                  168.30                0.25                     0.00                     0.25
2.0                  154.63                0.31                     0.00                     0.31
3.0                  148.66                0.30                     0.00                     0.30
4.0                  140.76                0.35                     0.00                     0.35
5.0                  140.69                0.35                     0.00                     0.34
6.0                  120.98                0.35                     0.00                     0.35
7.0                  122.39                0.39                     0.01                     0.39
8.0                  116.88                0.40                     0.00                     0.39
9.0                  116.98                0.41                     0.00                     0.41
10.0                 108.53                0.44                     0.00                     0.44
11.0                 105.61                0.47                     0.00                     0.47
12.0                  97.09                0.53                     0.00                     0.53
13.0                  95.78                0.58                     0.00                     0.58
14.0                  91.41                0.52                     0.00                     0.52
15.0                  89.45                0.72                     0.00                     0.72
16.0                  90.80                0.60                     0.00                     0.60
17.0                  83.00                0.60                     0.00                     0.60
18.0                  80.06                0.58                     0.00                     0.58
19.0                  69.86                0.71                     0.00                     0.71
20.0                  66.62                0.60                     0.00                     0.60
21.0                  64.36                0.59                     0.00                     0.59
22.0                  60.44                0.65                     0.00                     0.65
23.0                  50.49                0.65                     0.00                     0.65
24.0                  45.13                0.76                     0.00                     0.76
25.0                  32.41                0.79                     0.00                     0.79
26.0                  38.31                1.00                     0.00                     1.00
28.0                  24.21                1.00                     0.00                     1.00
