Juoksuja ennusteessa: 11305, tuloksissa: 11578, analyysissä: 10587
Aiempien Jukoloiden määrä (keskiarvo): 7.0 (Mediaani): 4.0
Yksilöennusteen etumerkillinen keskivirhe (juoksija myöhästyi ennusteesta): 1.3 minuuttia
Yksilöennusteen keskivirhe: 12.6 minuuttia
Yksilöennusteen mediaanivirhe: 8.5 minuuttia
Virheen suhde loppuaikaan: 9.7 %
Yksilön aikaväliennuste väärin: 3.5 %
Yksilö nopeampi kuin aikaväliennuste: 1.4 %
Yksilö hitaampi kuin aikaväliennuste: 2.1 %
Yksilön aikavälin keskikoko: 70.0 minuuttia
Yksilön aikavälin keskikoko kertaa virhe: 2.4 minuuttia
Yksilön aikavälin mediaani koko: 61.5 minuuttia
Yksilön aikavälin mediaani koko kertaa virhe: 2.1 minuuttia
          ind_interval  ind_interval_error  ind_interval_error_size
num_runs                                                           
0                95.74                0.05                     4.80
1                73.87                0.04                     3.31
2                71.04                0.03                     2.29
3                71.47                0.04                     2.66
4                66.99                0.03                     2.12
5                65.82                0.04                     2.59
6                64.79                0.02                     1.15
7                62.20                0.02                     1.19
8                61.02                0.02                     1.49
9                61.46                0.03                     1.85
10               58.66                0.03                     1.99
11               60.98                0.03                     1.64
12               58.46                0.03                     1.56
13               54.42                0.02                     1.12
14               57.22                0.04                     2.03
15               57.70                0.02                     1.33
16               60.12                0.02                     1.31
17               58.75                0.05                     2.69
18               56.06                0.05                     2.77
19               55.44                0.03                     1.67
20               54.84                0.02                     1.21
21               57.00                0.02                     1.00
22               56.48                0.02                     1.00
23               53.76                0.03                     1.50
24               54.97                0.02                     0.98
25               53.75                0.02                     0.85
26               55.68                0.03                     1.55
27               48.81                0.00                     0.00
28               64.32                0.00                     0.00
30               54.32                0.00                     0.00
         ind_interval        ind_error        ind_interval_error       ind_error_signed       
                 mean median      mean median               mean count             mean median
num_runs                                                                                      
0               95.74  96.60     19.39  13.54               0.05  1895             5.04   1.21
1               73.87  66.11     13.55   9.74               0.04  1162             0.58  -0.35
2               71.04  64.34     12.83   9.70               0.03   994            -0.67  -1.59
3               71.47  65.52     13.08   9.04               0.04   751            -0.31  -1.47
4               66.99  60.04     11.28   7.90               0.03   568            -0.03  -0.96
5               65.82  60.35     11.91   8.38               0.04   534             1.06  -0.61
6               64.79  59.02     10.80   8.19               0.02   449            -1.01  -2.60
7               62.20  58.30     10.04   7.05               0.02   418             1.22   0.55
8               61.02  54.61     10.01   6.96               0.02   368             0.86  -0.62
9               61.46  54.44      9.78   7.46               0.03   332            -0.43  -1.77
10              58.66  53.90     10.42   7.23               0.03   295             0.36  -1.90
11              60.98  53.96     10.85   7.48               0.03   261             2.10   1.47
12              58.46  54.23     10.58   7.38               0.03   263             0.64  -0.95
13              54.42  50.66      9.09   6.91               0.02   194             0.07  -0.97
14              57.22  52.58      9.43   5.94               0.04   226             1.74   0.90
15              57.70  52.53      8.73   6.32               0.02   217             1.34   1.01
16              60.12  53.97     10.64   6.98               0.02   183             1.17  -0.82
17              58.75  53.07     10.44   6.94               0.05   153             1.06  -0.81
18              56.06  53.02      9.86   6.57               0.05   162             0.03  -1.34
19              55.44  51.81     10.07   6.94               0.03   166             3.22   1.25
20              54.84  50.02      9.23   6.50               0.02   136             1.92  -0.17
21              57.00  51.01      8.81   5.72               0.02   171             1.95   0.45
22              56.48  49.89      8.30   5.70               0.02   170             1.84   1.21
23              53.76  47.41      8.38   5.43               0.03   143             2.09   0.29
24              54.97  50.19      7.80   5.06               0.02   169             1.19  -0.23
25              53.75  49.25      8.42   6.85               0.02   126             1.54   0.02
26              55.68  52.37      8.65   6.47               0.03    72            -1.65  -4.01
27              48.81  49.49      5.44   5.17               0.00     6            -4.32  -4.11
28              64.32  64.32      6.22   6.22               0.00     1            -6.22  -6.22
30              54.32  54.32     10.04  10.04               0.00     2           -10.04 -10.04
Viestiennusteen keskivirhe: 30.6 minuuttia
Viestiennusteen virheen mediaani: 19.1 minuuttia
    relay_error             
           mean median count
leg                         
1          10.7    7.8  1597
2          20.0   14.8  1574
3          29.0   20.5  1557
4          32.7   23.4  1528
5          36.3   25.8  1497
6          41.4   27.8  1440
7          47.9   33.4  1394
Viestin aikaväliennuste väärin: 6.8 %
Juoksija nopeampi kuin viestin aikaväliennuste: 4.3 %
Juoksija hitaampi kuin viestin aikaväliennuste: 2.4 %
    real_interval real_interval_error real_interval_error_fast real_interval_error_slow
             mean                mean                     mean                     mean
leg                                                                                    
1          65.161               0.027                    0.017                    0.010
2         102.039               0.035                    0.022                    0.013
3         125.687               0.071                    0.048                    0.022
4         139.206               0.072                    0.050                    0.022
5         153.609               0.082                    0.057                    0.025
6         170.865               0.089                    0.049                    0.040
7         188.503               0.105                    0.063                    0.042
              real_interval real_interval_error real_interval_error_fast real_interval_error_slow
                       mean                mean                     mean                     mean
mean_num_runs                                                                                    
0.0                  173.85                0.16                     0.09                     0.07
1.0                  164.96                0.12                     0.09                     0.04
2.0                  146.08                0.10                     0.07                     0.02
3.0                  149.80                0.11                     0.08                     0.03
4.0                  137.85                0.08                     0.05                     0.03
5.0                  141.98                0.07                     0.04                     0.03
6.0                  135.33                0.05                     0.03                     0.02
7.0                  132.28                0.04                     0.03                     0.01
8.0                  129.25                0.05                     0.03                     0.02
9.0                  126.38                0.04                     0.02                     0.01
10.0                 121.03                0.03                     0.01                     0.02
11.0                 122.81                0.04                     0.02                     0.01
12.0                 114.59                0.03                     0.01                     0.02
13.0                 118.74                0.04                     0.02                     0.02
14.0                 108.47                0.02                     0.01                     0.01
15.0                 114.21                0.05                     0.05                     0.00
16.0                 102.07                0.01                     0.00                     0.01
17.0                 107.58                0.03                     0.01                     0.02
18.0                 102.84                0.04                     0.03                     0.02
19.0                  95.12                0.06                     0.02                     0.04
20.0                  91.27                0.03                     0.02                     0.01
21.0                  76.01                0.02                     0.02                     0.00
22.0                  78.42                0.06                     0.03                     0.03
23.0                  80.72                0.11                     0.03                     0.08
24.0                  66.66                0.02                     0.00                     0.02
25.0                  65.06                0.00                     0.00                     0.00
26.0                  54.36                0.00                     0.00                     0.00
27.0                  44.11                0.00                     0.00                     0.00
