Juoksuja ennusteessa: 10563, tuloksissa: 11144, analyysissä: 9783
Aiempien Jukoloiden määrä (keskiarvo): 6.71 (Mediaani): 4.0
Yksilöennusteen etumerkillinen keskivirhe (juoksija myöhästyi ennusteesta): 2.8 minuuttia
Yksilöennusteen keskivirhe: 14.6 minuuttia
Yksilöennusteen mediaanivirhe: 9.7 minuuttia
Yksilöennusteen keskimääräinen CRPS (otosarvio): 10.767
Yksilöennusteen keskimääräinen NLL: 4.277
Virheen suhde loppuaikaan: 10.8 %
Yksilön aikaväliennuste väärin: 1.4 %
Yksilö nopeampi kuin aikaväliennuste: 0.4 %
Yksilö hitaampi kuin aikaväliennuste: 1.0 %
Yksilön aikavälin keskikoko: 99.5 minuuttia
Yksilön aikavälin keskikoko kertaa virhe: 1.4 minuuttia
Yksilön aikavälin mediaani koko: 84.9 minuuttia
Yksilön aikavälin mediaani koko kertaa virhe: 1.2 minuuttia
          ind_interval  ind_interval_error  ind_crps  ind_nll  ind_interval_error_size
num_runs                                                                              
0               128.59                0.03     15.56     4.65                     3.59
1               111.32                0.01     12.11     4.40                     1.07
2               102.67                0.02     11.35     4.33                     1.58
3               100.96                0.01     10.23     4.25                     0.51
4                99.18                0.01     10.00     4.25                     1.42
5                90.95                0.01      8.94     4.16                     0.79
6                91.18                0.02      9.85     4.20                     1.55
7                88.10                0.01      8.79     4.11                     0.68
8                85.30                0.01      8.59     4.10                     0.53
9                86.48                0.02      9.09     4.13                     1.31
10               84.13                0.00      7.91     4.06                     0.00
11               80.37                0.02      8.58     4.12                     1.73
12               84.26                0.01      8.89     4.14                     0.72
13               79.42                0.00      7.93     4.05                     0.35
14               81.97                0.00      7.72     4.03                     0.37
15               81.43                0.02      8.41     4.10                     1.38
16               80.64                0.01      7.84     4.05                     0.95
17               81.49                0.01      7.85     4.04                     0.47
18               77.62                0.02      9.13     4.11                     1.54
19               79.20                0.01      8.66     4.05                     0.45
20               78.54                0.00      8.05     4.02                     0.00
21               80.82                0.00      7.00     3.97                     0.00
22               75.32                0.00      7.08     3.95                     0.37
23               74.75                0.00      7.20     3.98                     0.00
24               77.89                0.01      7.30     4.01                     0.90
25               71.19                0.00      7.28     3.91                     0.00
26               72.88                0.00      7.76     4.04                     0.00
27               59.53                0.00      5.78     3.81                     0.00
         ind_interval         ind_error        ind_interval_error       ind_error_signed       
                 mean  median      mean median               mean count             mean median
num_runs                                                                                       
0              128.59  125.95     21.47  14.96               0.03  2075             5.69  -0.33
1              111.32   94.90     16.91  11.46               0.01  1038             4.30   0.48
2              102.67   85.96     15.16   9.53               0.02   778             3.55  -0.61
3              100.96   86.60     13.91   9.68               0.01   596             2.15  -1.35
4               99.18   85.03     13.41   9.47               0.01   558             1.28  -2.05
5               90.95   79.70     11.98   8.65               0.01   462            -0.12  -1.48
6               91.18   79.48     13.68   9.17               0.02   412             2.74  -2.12
7               88.10   76.89     11.87   8.38               0.01   390             1.57  -2.07
8               85.30   74.82     11.09   8.61               0.01   320            -0.29  -3.17
9               86.48   75.53     12.12   8.39               0.02   329             1.19  -1.98
10              84.13   76.57     10.56   7.94               0.00   253             0.10  -1.73
11              80.37   73.51     11.11   7.39               0.02   232            -0.11  -2.36
12              84.26   73.69     11.92   8.56               0.01   233             3.02   0.39
13              79.42   71.23     10.36   7.23               0.00   229             0.30  -0.93
14              81.97   73.36     10.25   7.72               0.00   221            -1.35  -1.92
15              81.43   69.83     11.61   8.12               0.02   177             2.86  -0.38
16              80.64   72.77     10.36   7.65               0.01   170             1.06  -1.13
17              81.49   72.40     10.45   7.61               0.01   175             2.89   0.46
18              77.62   71.98     12.03   7.57               0.02   151             2.76  -1.84
19              79.20   67.56     11.37   7.32               0.01   176             5.14   1.96
20              78.54   69.15     10.93   8.08               0.00   193             3.76  -0.36
21              80.82   68.99      9.29   6.58               0.00   153             2.16   0.45
22              75.32   65.72      9.33   6.87               0.00   205             1.10  -1.02
23              74.75   65.94      9.35   6.05               0.00   158             3.75   1.72
24              77.89   69.43      8.76   7.13               0.01    87             0.33  -2.66
25              71.19   58.94     10.43  10.41               0.00     7            -9.91 -10.41
26              72.88   71.50     13.28  12.21               0.00     3            -5.13 -11.90
27              59.53   59.53      9.23   9.23               0.00     2            -0.35  -0.35
Viestiennusteen keskivirhe: 33.8 minuuttia
Viestiennusteen virheen mediaani: 21.8 minuuttia
Viestiennusteen keskimääräinen CRPS (otosarvio): 24.267
Viestiennusteen keskimääräinen NLL: 5.009
    relay_error             
           mean median count
leg                         
1          13.9   10.7  1488
2          19.7   14.9  1465
3          29.1   22.5  1437
4          34.0   25.5  1413
5          40.5   29.4  1382
6          48.2   34.0  1329
7          55.8   41.9  1269
Viestin aikaväliennuste väärin: 3.9 %
Juoksija nopeampi kuin viestin aikaväliennuste: 2.9 %
Juoksija hitaampi kuin viestin aikaväliennuste: 1.0 %
    real_interval real_interval_error real_interval_error_fast real_interval_error_slow
             mean                mean                     mean                     mean
leg                                                                                    
1          92.890               0.016                    0.011                    0.005
2         129.907               0.017                    0.012                    0.005
3         174.038               0.031                    0.025                    0.006
4         196.596               0.035                    0.026                    0.008
5         219.729               0.048                    0.034                    0.014
6         251.243               0.062                    0.047                    0.015
7         278.780               0.072                    0.056                    0.017
              real_interval real_interval_error real_interval_error_fast real_interval_error_slow
                       mean                mean                     mean                     mean
mean_num_runs                                                                                    
0.0                  212.84                0.09                     0.08                     0.02
1.0                  239.65                0.08                     0.06                     0.02
2.0                  216.28                0.04                     0.03                     0.01
3.0                  217.60                0.05                     0.03                     0.02
4.0                  201.92                0.03                     0.02                     0.01
5.0                  198.87                0.04                     0.03                     0.02
6.0                  191.90                0.05                     0.04                     0.01
7.0                  184.41                0.02                     0.02                     0.01
8.0                  172.21                0.03                     0.03                     0.01
9.0                  176.49                0.04                     0.04                     0.00
10.0                 171.40                0.03                     0.03                     0.01
11.0                 176.00                0.02                     0.01                     0.00
12.0                 165.02                0.02                     0.01                     0.01
13.0                 166.84                0.03                     0.02                     0.01
14.0                 161.73                0.02                     0.01                     0.00
15.0                 164.48                0.01                     0.01                     0.00
16.0                 148.92                0.01                     0.00                     0.00
17.0                 135.26                0.00                     0.00                     0.00
18.0                 124.95                0.01                     0.00                     0.01
19.0                 128.60                0.00                     0.00                     0.00
20.0                 125.40                0.01                     0.00                     0.01
21.0                 116.76                0.00                     0.00                     0.00
22.0                  96.80                0.00                     0.00                     0.00
23.0                  82.69                0.00                     0.00                     0.00
24.0                  88.69                0.00                     0.00                     0.00
25.0                  60.84                0.00                     0.00                     0.00
26.0                  71.50                0.00                     0.00                     0.00
27.0                  58.07                0.00                     0.00                     0.00
