Juoksuja ennusteessa: 5492, tuloksissa: 5704, analyysissä: 5195
Aiempien Jukoloiden määrä (keskiarvo): 6.12 (Mediaani): 4.0
Yksilöennusteen etumerkillinen keskivirhe (juoksija myöhästyi ennusteesta): 3.6 minuuttia
Yksilöennusteen keskivirhe: 11.0 minuuttia
Yksilöennusteen mediaanivirhe: 7.8 minuuttia
Yksilöennusteen keskimääräinen CRPS (otosarvio): 8.04
Yksilöennusteen keskimääräinen NLL: 4.023
Virheen suhde loppuaikaan: 11.2 %
Yksilön aikaväliennuste väärin: 2.4 %
Yksilö nopeampi kuin aikaväliennuste: 0.2 %
Yksilö hitaampi kuin aikaväliennuste: 2.2 %
Yksilön aikavälin keskikoko: 63.6 minuuttia
Yksilön aikavälin keskikoko kertaa virhe: 1.5 minuuttia
Yksilön aikavälin mediaani koko: 60.5 minuuttia
Yksilön aikavälin mediaani koko kertaa virhe: 1.5 minuuttia
          ind_interval  ind_interval_error  ind_crps  ind_nll  ind_interval_error_size
num_runs                                                                              
0                76.88                0.04     11.35     4.39                     3.25
1                67.38                0.03      8.24     4.06                     2.05
2                65.78                0.02     10.41     4.23                     1.33
3                64.44                0.01      6.98     3.90                     0.91
4                64.42                0.03      7.54     3.98                     1.74
5                60.86                0.03      7.63     3.99                     1.63
6                59.87                0.02      7.19     3.93                     1.16
7                60.90                0.00      6.58     3.87                     0.26
8                59.25                0.02      6.56     3.87                     1.32
9                58.63                0.03      6.76     3.91                     1.78
10               56.74                0.01      7.14     3.92                     0.80
11               55.52                0.04      6.76     3.87                     2.24
12               54.06                0.03      5.99     3.79                     1.41
13               51.12                0.03      6.20     3.83                     1.31
14               54.13                0.00      5.82     3.78                     0.00
15               54.20                0.00      5.87     3.79                     0.00
16               52.33                0.00      5.73     3.77                     0.00
17               56.42                0.00      5.45     3.74                     0.00
18               53.51                0.00      5.28     3.71                     0.00
19               54.84                0.03      6.27     3.81                     1.77
20               54.56                0.00      5.20     3.73                     0.00
21               53.33                0.03      5.87     3.81                     1.78
22               52.82                0.04      6.29     3.88                     1.99
23               51.80                0.04      5.10     3.72                     2.30
24               55.93                0.00      5.59     3.75                     0.00
25               48.69                0.00      6.20     3.81                     0.00
26               51.28                0.00      4.59     3.58                     0.00
27               39.61                0.00      6.48     3.80                     0.00
28               43.77                0.00      4.55     3.43                     0.00
29               56.32                0.00      4.27     3.60                     0.00
30               47.77                0.00      5.16     3.72                     0.00
         ind_interval        ind_error        ind_interval_error       ind_error_signed       
                 mean median      mean median               mean count             mean median
num_runs                                                                                      
0               76.88  76.09     15.61  11.53               0.04   875             9.65   6.72
1               67.38  63.62     11.37   8.39               0.03   626             1.85   0.56
2               65.78  63.38     13.55   8.43               0.02   542             2.16  -0.64
3               64.44  62.32      9.54   7.27               0.01   426            -0.77  -0.60
4               64.42  62.51     10.38   8.09               0.03   333             1.25   0.99
5               60.86  61.77     10.73   8.37               0.03   299             2.78   2.18
6               59.87  58.70     10.00   7.56               0.02   258             3.29   2.73
7               60.90  59.64      9.17   7.52               0.00   233             2.43   1.88
8               59.25  56.59      9.24   7.78               0.02   180             2.20   1.91
9               58.63  57.73      8.82   6.17               0.03   165             4.25   2.84
10              56.74  56.13      9.99   7.17               0.01   142             2.38   1.22
11              55.52  54.30      9.28   6.42               0.04   124             4.00   2.80
12              54.06  50.57      8.00   6.03               0.03   115             3.74   2.71
13              51.12  48.30      8.28   5.61               0.03   117             5.53   3.72
14              54.13  52.14      8.13   6.82               0.00   101             3.95   3.77
15              54.20  51.95      7.96   5.85               0.00    78             5.12   3.74
16              52.33  50.41      8.08   6.61               0.00    79             3.93   4.78
17              56.42  54.22      7.50   6.12               0.00    67             1.53   0.94
18              53.51  52.38      7.08   5.58               0.00    71             2.07   2.71
19              54.84  49.03      8.24   5.63               0.03    62             5.31   2.47
20              54.56  51.77      7.44   6.21               0.00    66             2.86   3.43
21              53.33  48.86      7.60   4.45               0.03    60             3.97   3.41
22              52.82  51.55      8.52   7.12               0.04    53             1.17  -0.19
23              51.80  46.97      6.68   4.94               0.04    45             3.43   2.94
24              55.93  52.90      7.31   4.99               0.00    39             2.67   1.70
25              48.69  46.69      8.59   6.66               0.00    21             7.77   6.66
26              51.28  47.91      6.58   5.87               0.00    12             0.38  -1.69
27              39.61  39.61     10.08  10.08               0.00     1            10.08  10.08
28              43.77  43.77      5.24   5.24               0.00     2            -5.24  -5.24
29              56.32  56.32      6.36   6.36               0.00     1            -6.36  -6.36
30              47.77  47.77      8.83   8.83               0.00     2             2.34   2.34
Viestiennusteen keskivirhe: 18.4 minuuttia
Viestiennusteen virheen mediaani: 11.4 minuuttia
Viestiennusteen keskimääräinen CRPS (otosarvio): 13.501
Viestiennusteen keskimääräinen NLL: 4.486
    relay_error             
           mean median count
leg                         
1          10.8    7.0  1341
2          16.4   10.6  1320
3          22.2   15.4  1292
4          24.7   17.4  1242
Viestin aikaväliennuste väärin: 3.4 %
Juoksija nopeampi kuin viestin aikaväliennuste: 0.3 %
Juoksija hitaampi kuin viestin aikaväliennuste: 3.2 %
    real_interval real_interval_error real_interval_error_fast real_interval_error_slow
             mean                mean                     mean                     mean
leg                                                                                    
1          56.449               0.031                    0.000                    0.031
2          88.795               0.028                    0.003                    0.025
3         105.118               0.046                    0.002                    0.045
4         129.182               0.033                    0.006                    0.027
              real_interval real_interval_error real_interval_error_fast real_interval_error_slow
                       mean                mean                     mean                     mean
mean_num_runs                                                                                    
0.0                  109.22                0.08                     0.00                     0.08
1.0                   97.25                0.04                     0.01                     0.03
2.0                  100.06                0.03                     0.01                     0.03
3.0                   97.41                0.03                     0.00                     0.03
4.0                  100.15                0.03                     0.00                     0.03
5.0                   94.44                0.04                     0.01                     0.03
6.0                   94.21                0.04                     0.00                     0.04
7.0                   90.41                0.03                     0.00                     0.03
8.0                   95.29                0.03                     0.00                     0.03
9.0                   93.39                0.03                     0.00                     0.03
10.0                  93.13                0.03                     0.00                     0.03
11.0                  84.94                0.03                     0.00                     0.03
12.0                  82.41                0.03                     0.00                     0.03
13.0                  75.79                0.02                     0.00                     0.02
14.0                  81.97                0.01                     0.00                     0.01
15.0                  79.96                0.00                     0.00                     0.00
16.0                  76.03                0.00                     0.00                     0.00
17.0                  71.88                0.00                     0.00                     0.00
18.0                  73.55                0.00                     0.00                     0.00
19.0                  63.45                0.03                     0.00                     0.03
20.0                  69.71                0.00                     0.00                     0.00
21.0                  65.61                0.00                     0.00                     0.00
22.0                  64.71                0.00                     0.00                     0.00
23.0                  62.80                0.00                     0.00                     0.00
24.0                  64.46                0.00                     0.00                     0.00
25.0                  42.60                0.00                     0.00                     0.00
26.0                  38.98                0.00                     0.00                     0.00
28.0                  37.93                0.00                     0.00                     0.00
30.0                  53.24                0.00                     0.00                     0.00
