Juoksuja ennusteessa: 11851, tuloksissa: 12117, analyysissä: 10591
Aiempien Jukoloiden määrä (keskiarvo): 7.03 (Mediaani): 4.0
Yksilöennusteen etumerkillinen keskivirhe (juoksija myöhästyi ennusteesta): 24.0 minuuttia
Yksilöennusteen keskivirhe: 26.5 minuuttia
Yksilöennusteen mediaanivirhe: 18.6 minuuttia
Yksilöennusteen keskimääräinen CRPS (otosarvio): 19.231
Yksilöennusteen keskimääräinen NLL: 4.937
Virheen suhde loppuaikaan: 16.2 %
Yksilön aikaväliennuste väärin: 11.3 %
Yksilö nopeampi kuin aikaväliennuste: 0.1 %
Yksilö hitaampi kuin aikaväliennuste: 11.2 %
Yksilön aikavälin keskikoko: 85.0 minuuttia
Yksilön aikavälin keskikoko kertaa virhe: 9.6 minuuttia
Yksilön aikavälin mediaani koko: 79.6 minuuttia
Yksilön aikavälin mediaani koko kertaa virhe: 9.0 minuuttia
          ind_interval  ind_interval_error  ind_crps  ind_nll  ind_interval_error_size
num_runs                                                                              
0               107.14                0.12     25.35     5.26                    13.23
1                89.65                0.13     20.82     5.05                    11.65
2                84.60                0.11     18.49     4.90                     9.28
3                81.97                0.10     17.90     4.88                     7.96
4                84.78                0.13     19.87     4.98                    10.87
5                83.25                0.12     18.83     4.94                    10.34
6                79.44                0.13     19.25     4.98                    10.42
7                78.39                0.13     18.28     4.95                    10.34
8                77.99                0.12     17.82     4.87                     9.18
9                76.06                0.12     18.38     4.96                     9.03
10               78.32                0.12     17.82     4.90                     9.13
11               73.53                0.11     16.93     4.80                     7.90
12               75.66                0.14     16.72     4.79                    10.40
13               75.08                0.08     15.92     4.72                     6.34
14               70.86                0.14     18.28     4.94                     9.77
15               76.04                0.12     16.60     4.77                     8.83
16               74.09                0.06     14.76     4.65                     4.71
17               77.19                0.09     16.15     4.70                     6.83
18               77.56                0.09     14.55     4.60                     6.86
19               72.80                0.09     16.02     4.72                     6.79
20               74.37                0.08     14.93     4.70                     6.02
21               72.60                0.03     13.42     4.54                     2.30
22               68.70                0.04     11.62     4.41                     3.01
23               75.02                0.11     16.09     4.73                     7.92
24               69.79                0.05     13.15     4.36                     3.76
25               73.71                0.07     15.62     4.66                     5.15
26               71.27                0.07     12.30     4.44                     5.17
27               75.52                0.12     13.99     4.64                     9.15
28               83.50                0.00      8.76     4.19                     0.00
29               82.54                0.20     17.65     4.92                    16.51
31               76.13                1.00     38.08     6.68                    76.13
32               75.32                0.00     15.27     4.75                     0.00
33               52.74                0.00     18.29     5.11                     0.00
34               59.09                0.00      5.51     3.74                     0.00
36               84.16                0.33     40.52     5.95                    28.05
37               84.73                0.00      5.76     3.99                     0.00
40               65.78                0.50     96.49    13.27                    32.89
43               86.88                0.00     16.14     4.62                     0.00
45               94.28                0.00      5.14     3.99                     0.00
         ind_interval         ind_error         ind_interval_error       ind_error_signed        
                 mean  median      mean  median               mean count             mean  median
num_runs                                                                                         
0              107.14  104.00     34.20   22.92               0.12  1911            29.97   20.75
1               89.65   85.34     28.61   20.46               0.13  1154            25.73   19.59
2               84.60   80.38     25.49   18.54               0.11   948            22.15   16.85
3               81.97   79.44     24.89   17.68               0.10   834            22.66   17.12
4               84.78   81.59     27.53   21.00               0.13   624            25.75   20.37
5               83.25   77.48     26.03   19.49               0.12   475            23.62   18.87
6               79.44   75.97     26.49   19.22               0.13   465            24.73   18.94
7               78.39   74.85     25.52   19.91               0.13   417            24.10   19.69
8               77.99   75.42     24.81   17.69               0.12   374            22.88   17.35
9               76.06   72.46     25.13   18.50               0.12   320            23.51   17.42
10              78.32   74.21     24.73   18.21               0.12   309            23.32   18.21
11              73.53   71.51     23.61   17.38               0.11   270            22.07   16.97
12              75.66   73.97     23.45   18.96               0.14   240            22.45   18.52
13              75.08   72.07     22.80   18.61               0.08   225            20.89   18.27
14              70.86   69.62     24.76   19.19               0.14   174            23.97   19.19
15              76.04   70.81     23.29   17.38               0.12   198            22.04   17.10
16              74.09   68.61     20.57   14.69               0.06   173            18.93   14.68
17              77.19   71.65     22.28   15.59               0.09   147            20.74   15.55
18              77.56   75.91     20.88   15.70               0.09   147            19.13   15.50
19              72.80   70.61     22.05   17.27               0.09   150            20.57   15.01
20              74.37   72.19     20.98   16.45               0.08   136            18.06   16.17
21              72.60   70.97     19.18   14.83               0.03   126            17.78   14.71
22              68.70   66.81     16.63   13.76               0.04   137            14.10   12.73
23              75.02   70.62     21.94   12.25               0.11   142            19.90   11.99
24              69.79   63.23     18.31   10.36               0.05   130            16.85   10.15
25              73.71   69.16     20.99   12.85               0.07   143            19.41   12.34
26              71.27   69.00     17.45   13.27               0.07   124            15.63   12.62
27              75.52   71.19     19.05   14.71               0.12    66            17.05   14.71
28              83.50   76.89     13.45   11.60               0.00     8             8.01   10.63
29              82.54   69.15     23.40   18.57               0.20     5            20.07   18.57
31              76.13   76.13     49.01   49.01               1.00     1            49.01   49.01
32              75.32   76.09     23.01   19.82               0.00     3            23.01   19.82
33              52.74   52.74     25.22   25.22               0.00     2            25.22   25.22
34              59.09   59.09      6.57    6.57               0.00     1             6.57    6.57
36              84.16   78.50     49.23   12.09               0.33     3            41.17   10.43
37              84.73   84.73      7.29    7.29               0.00     2             7.29    7.29
40              65.78   65.78    104.66  104.66               0.50     2           100.52  100.52
43              86.88   88.82     25.14   25.32               0.00     4            25.14   25.32
45              94.28   94.28      2.61    2.61               0.00     1            -2.61   -2.61
Viestiennusteen keskivirhe: 79.6 minuuttia
Viestiennusteen virheen mediaani: 55.2 minuuttia
Viestiennusteen keskimääräinen CRPS (otosarvio): 60.776
Viestiennusteen keskimääräinen NLL: 6.587
    relay_error             
           mean median count
leg                         
1          33.7   28.3  1657
2          43.4   34.5  1608
3          65.9   51.8  1558
4          75.9   58.9  1540
5          91.6   73.1  1495
6         114.1   95.6  1415
7         151.5  133.6  1318
Viestin aikaväliennuste väärin: 30.4 %
Juoksija nopeampi kuin viestin aikaväliennuste: 0.1 %
Juoksija hitaampi kuin viestin aikaväliennuste: 30.3 %
    real_interval real_interval_error real_interval_error_fast real_interval_error_slow
             mean                mean                     mean                     mean
leg                                                                                    
1          81.958               0.221                    0.000                    0.221
2         120.979               0.147                    0.001                    0.146
3         156.092               0.239                    0.001                    0.238
4         166.687               0.267                    0.002                    0.265
5         177.925               0.348                    0.001                    0.348
6         204.346               0.406                    0.001                    0.405
7         230.422               0.561                    0.000                    0.561
              real_interval real_interval_error real_interval_error_fast real_interval_error_slow
                       mean                mean                     mean                     mean
mean_num_runs                                                                                    
0.0                  195.23                0.25                     0.01                     0.24
1.0                  183.73                0.27                     0.00                     0.27
2.0                  168.57                0.24                     0.00                     0.24
3.0                  161.69                0.30                     0.00                     0.30
4.0                  163.52                0.29                     0.00                     0.29
5.0                  170.20                0.33                     0.00                     0.33
6.0                  158.39                0.33                     0.00                     0.33
7.0                  159.09                0.38                     0.00                     0.38
8.0                  154.67                0.34                     0.00                     0.34
9.0                  156.01                0.36                     0.00                     0.36
10.0                 152.58                0.34                     0.00                     0.34
11.0                 148.18                0.36                     0.00                     0.36
12.0                 149.81                0.32                     0.00                     0.32
13.0                 146.22                0.36                     0.00                     0.36
14.0                 142.23                0.29                     0.00                     0.29
15.0                 146.80                0.34                     0.00                     0.34
16.0                 135.08                0.25                     0.00                     0.25
17.0                 142.45                0.27                     0.00                     0.27
18.0                 147.92                0.29                     0.00                     0.29
19.0                 137.97                0.27                     0.00                     0.27
20.0                 131.40                0.19                     0.00                     0.19
21.0                 129.45                0.18                     0.00                     0.18
22.0                 114.94                0.23                     0.00                     0.23
23.0                 104.46                0.37                     0.00                     0.37
24.0                 115.04                0.24                     0.00                     0.24
25.0                  92.87                0.13                     0.00                     0.13
26.0                 101.54                0.17                     0.00                     0.17
27.0                  85.42                0.21                     0.00                     0.21
28.0                  80.28                0.00                     0.00                     0.00
29.0                  84.73                0.33                     0.00                     0.33
30.0                 119.64                0.00                     0.00                     0.00
31.0                 116.94                0.00                     0.00                     0.00
33.0                  41.95                0.00                     0.00                     0.00
34.0                  99.11                0.00                     0.00                     0.00
